237
160
494
470
387
410
443
140
339
190
463
267
142
202
378
334
186
178
330
130
324
234
476
274
158
478
12
387
473
393
433
494
356
81
415
150
461
304
293
13
59
248
100
353
126
356
353
13
41
109
45
148
221
268
459
443
136
319
458
141
266
484
420
314
8
243
168
479
231
413
75
167
195
70
3
123
184
317
144
343
318
272
21
273
32
475
101
29
342
360
418
1
384
408
169
111
298
207
478
26
439
485
354
274
394
496
459
15
26
383
229
19
497
359
255
325
128
123
349
342
397
5
3
229
226
70
422
331
92
315
385
377
427
325
285
422
40
289
204
47
99
160
97
120
183
466
267
288
168
66
490
98
133
163
303
273
414
482
94
463
461
427
118
459
157
89
249
367
92
234
362
53
485
246
336
311
86
368
157
220
15
430
122
275
220
273
324
468
241
26
367
308
18
92
415
396
384
384
402
119
263
159
111
391
415
443
240
69
365
34
300
463
76
100
42
405
11
318
393
3
488
314
289
97
205
478
287
492
26
265
194
130
422
109
196
110
333
420
252
346
327
185
312
481
222
201
272
140
490
123
225
485
37
163
179
270
325
58
106
377
221
142
16
438
347
291
162
279
92
431
208
311
2
258
222
348
176
468
457
417
177
260
343
294
247
210
288
10
310
200
119
117
212
185
86
266
360
401
288
412
498
287
331
57
499
141
455
256
100
461
371
297
454
210
471
15
125
284
43
122
457
71
282
353
485
359
258
396
141
101
55
15
61
338
467
109
334
91
256
24
127
409
91
135
19
358
368
62
279
420
327
154
342
365
84
361
229
218
373
121
427
445
20
366
448
188
151
378
399
391
98
293
85
279
219
297
284
113
48
253
486
211
210
470
117
21
249
331
346
442
147
283
410
398
258
415
304
63
171
412
252
216
378
130
442
199
374
350
212
249
88
63
12
345
142
56
242
64
255
494
9
242
330
296
82
440
457
250
387
275
21
335
288
182
159
70
44
457
483
120
345
103
318
17
404
86
377
76
433
289
452
331
29
439
475
438
168
142
20
380
433
110
188
361
264
475
318
418
35
113
256
465
310
74
453
246
491
187
237
21
475
298
254
428
498
469
270
310
221
331
359
116
98
208
157
448
314
259
170
463
