334
495
315
372
411
345
354
272
356
500
215
242
20
91
364
304
27
82
481
229
216
221
217
132
246
81
176
214
295
191
483
129
185
298
500
96
142
354
367
497
353
82
238
373
172
102
176
199
183
157
427
398
378
144
30
123
224
206
336
18
396
319
147
80
116
146
176
257
499
43
254
352
124
491
224
296
93
399
494
275
56
420
173
433
63
203
55
287
408
391
305
304
209
451
384
324
96
59
81
95
101
334
446
224
325
169
20
417
67
13
192
123
433
365
55
496
67
110
282
475
500
87
279
209
37
162
33
132
221
113
226
322
447
171
46
271
340
65
188
407
78
380
29
10
245
83
6
312
193
287
286
193
373
65
401
410
227
434
42
447
47
268
269
493
439
314
264
278
378
451
184
456
331
212
465
75
295
471
386
487
258
172
180
131
236
80
40
462
14
81
409
60
348
177
52
286
491
315
63
369
266
246
324
97
458
289
172
252
259
57
239
16
229
418
146
465
498
185
427
11
265
335
70
113
12
122
398
2
436
461
370
202
206
193
298
164
482
470
415
240
26
153
255
255
70
400
219
67
84
145
78
349
480
147
461
491
268
359
493
204
319
363
406
25
56
204
188
37
173
103
276
199
255
30
453
325
430
171
392
13
315
469
362
295
116
323
285
384
181
277
87
500
140
493
24
195
196
212
231
368
314
6
66
69
35
18
393
464
189
284
477
4
253
339
298
369
161
82
252
342
359
339
341
498
331
365
193
26
77
423
394
390
428
459
458
463
477
351
427
165
135
403
168
388
242
466
256
403
48
7
244
407
346
85
405
176
450
97
202
26
19
95
416
446
54
373
409
30
224
335
195
358
238
363
245
479
328
1
381
375
7
125
281
353
209
185
28
158
281
229
184
299
324
99
245
377
472
153
406
195
487
100
53
225
462
298
203
290
298
84
164
305
208
444
157
417
128
184
74
409
413
257
207
236
355
452
112
327
104
18
21
91
118
73
315
80
370
18
369
167
101
32
471
309
476
128
225
104
311
298
12
224
55
219
459
410
171
71
236
275
89
257
365
207
329
180
286
199
197
155
366
298
187
337
106
162
464
330
266
275
127
278
498
182
497
457
91
167
27
327
441
116
83
306
322
412
485
108
110
182
