179
217
194
345
48
369
72
241
394
106
9
214
67
199
35
79
328
280
271
221
47
465
428
13
57
179
468
375
244
214
22
422
431
216
266
479
85
337
219
478
442
228
191
8
426
226
87
254
5
357
474
52
322
401
65
378
80
32
253
323
246
274
244
177
490
9
155
74
346
373
52
288
100
242
295
26
467
382
279
472
238
253
24
60
154
88
437
233
120
190
55
365
464
299
42
453
308
196
27
153
69
78
440
169
319
235
194
286
116
473
258
354
226
281
413
379
368
350
112
487
39
167
352
2
465
394
455
273
89
481
425
158
58
365
326
377
99
20
163
215
493
420
68
218
200
481
97
68
330
208
55
368
374
407
370
339
300
324
111
389
304
36
47
361
400
372
238
499
391
400
214
383
320
282
101
20
262
197
87
91
405
142
458
279
49
327
117
348
151
228
237
454
264
283
315
164
155
52
162
45
452
376
428
271
157
29
290
418
226
377
8
130
19
466
408
67
293
25
414
443
252
151
397
15
433
211
179
87
263
340
132
215
216
60
486
372
89
275
290
314
152
297
443
170
263
351
236
56
375
150
499
127
300
395
142
233
106
320
320
369
160
451
83
375
11
68
247
99
343
36
412
495
332
355
164
95
205
400
150
79
49
149
206
349
43
347
81
149
167
400
17
326
351
100
200
362
168
447
460
11
482
372
5
314
226
169
408
431
68
58
10
116
206
215
465
249
62
45
397
228
445
414
54
296
13
254
157
181
200
117
191
181
488
195
494
214
364
401
145
431
459
154
47
165
369
11
413
430
56
310
158
500
223
211
295
236
464
452
416
163
68
106
343
56
301
336
270
164
237
414
95
196
68
141
360
437
152
273
367
207
82
24
206
304
235
1
40
198
453
455
361
21
61
204
76
361
40
346
25
277
260
120
472
328
260
332
264
411
104
130
118
185
154
324
489
388
324
28
86
277
483
446
297
43
149
373
404
188
218
429
465
477
48
436
305
308
267
68
218
371
197
336
56
351
159
45
238
482
72
323
259
55
269
55
97
417
427
500
105
145
429
69
122
476
5
426
283
272
493
1
142
190
336
197
40
494
241
278
476
313
100
234
368
368
289
464
285
215
464
390
360
392
459
481
368
463
406
150
234
399
